89
0.0250016 -0.101346 -0.994537 -0.0197114
-0.99535 0.0900515 -0.0341986 -0.0212654
0.0930255 0.990767 -0.0986237 0.983647
0 0 0 1
0.0209276 -0.0962312 -0.995139 0.00281848
-0.985439 0.166006 -0.0367766 -0.0684274
0.168738 0.981418 -0.0913558 1.01387
0 0 0 1
-0.00143953 -0.0983299 -0.995153 -0.0027413
-0.932074 0.360643 -0.0342864 -0.10129
0.362266 0.927506 -0.0921699 1.04099
0 0 0 1
-0.00711006 -0.0955507 -0.995399 0.00947469
-0.898548 0.437432 -0.0355719 -0.15235
0.438818 0.894161 -0.088967 1.0509
0 0 0 1
-0.0215533 -0.0916038 -0.995562 0.0111797
-0.860933 0.507941 -0.028098 -0.202558
0.508261 0.856507 -0.0898125 1.05925
0 0 0 1
-0.0378846 -0.0849476 -0.995665 0.0138133
-0.804235 0.593973 -0.0200755 -0.225219
0.593103 0.799988 -0.0908202 1.07273
0 0 0 1
-0.0503718 -0.0885377 -0.994798 0.0159046
-0.762916 0.646222 -0.0188838 -0.286975
0.644533 0.757996 -0.100098 1.06904
0 0 0 1
-0.0699697 -0.0892451 -0.993549 0.00701795
-0.702252 0.711781 -0.01448 -0.310447
0.708482 0.696709 -0.112476 1.04654
0 0 0 1
-0.0866492 -0.073604 -0.993516 0.0194553
-0.643097 0.765784 -0.000645056 -0.334193
0.760867 0.638872 -0.113689 1.06246
0 0 0 1
-0.0871653 -0.0695216 -0.993765 0.022936
-0.631838 0.7751 0.00119561 -0.348272
0.770184 0.628003 -0.111488 1.07422
0 0 0 1
-0.0811072 -0.0688524 -0.994324 0.0267967
-0.620304 0.784353 -0.00371453 -0.364777
0.780157 0.616482 -0.106326 1.09527
0 0 0 1
-0.0797456 -0.0700804 -0.994349 0.0297433
-0.608791 0.793299 -0.00708635 -0.387069
0.789312 0.604786 -0.105926 1.08456
0 0 0 1
-0.0823723 -0.072224 -0.993981 0.027781
-0.598033 0.801424 -0.00867288 -0.408792
0.797227 0.593719 -0.109207 1.06677
0 0 0 1
-0.0868523 -0.0704156 -0.99373 0.0243817
-0.587394 0.809279 -0.00600703 -0.413812
0.804627 0.583189 -0.111649 1.07492
0 0 0 1
-0.0841583 -0.0703738 -0.993964 0.0210706
-0.573323 0.819275 -0.00946267 -0.424338
0.814996 0.569066 -0.109296 1.09005
0 0 0 1
-0.0831855 -0.0711251 -0.993993 0.0170965
-0.563092 0.826307 -0.0120021 -0.42824
0.822197 0.558711 -0.108787 1.09762
0 0 0 1
-0.0855423 -0.0651859 -0.9942 0.0077649
-0.539069 0.842215 -0.00883868 -0.431026
0.837907 0.535186 -0.107185 1.10692
0 0 0 1
-0.0832614 -0.0508054 -0.995232 0.00314002
-0.536675 0.843787 0.00182403 -0.448794
0.839671 0.534268 -0.0975209 1.11973
0 0 0 1
-0.0776631 -0.0507148 -0.995689 0.0205355
-0.5389 0.842369 -0.000871689 -0.477777
0.838782 0.536509 -0.0927513 1.13913
0 0 0 1
-0.0773915 -0.0528249 -0.9956 0.0174854
-0.536783 0.843715 -0.00304008 -0.507266
0.840164 0.534186 -0.0936519 1.12667
0 0 0 1
-0.0847403 -0.0707486 -0.993888 0.0313588
-0.609131 0.793056 -0.00451726 -0.39671
0.788529 0.605026 -0.110299 1.05863
0 0 0 1
-0.0848289 -0.077799 -0.993354 0.0432251
-0.634367 0.773006 -0.00636872 -0.362617
0.768364 0.62961 -0.114926 1.03538
0 0 0 1
-0.0021849 -0.0992631 -0.995059 0.0543066
-0.992571 0.121262 -0.00991717 -0.0396772
0.121647 0.987645 -0.0987907 1.09945
0 0 0 1
-0.0122 -0.103489 -0.994556 0.0485493
-0.999845 0.0138758 0.010821 -0.0291107
0.0126804 0.994534 -0.103642 1.06517
0 0 0 1
0.0067733 -0.113643 -0.993499 0.0346378
-0.997362 -0.0725708 0.00150148 0.0189214
-0.0722697 0.990868 -0.113835 1.06435
0 0 0 1
0.0358632 -0.112935 -0.992955 0.0385699
-0.977703 -0.209678 -0.0114643 0.0171287
-0.206906 0.971227 -0.117937 1.07652
0 0 0 1
0.0556997 -0.110623 -0.9923 0.035664
-0.95504 -0.295757 -0.020637 0.0551674
-0.291197 0.948836 -0.122123 1.05358
0 0 0 1
0.0660551 -0.109796 -0.991757 0.0398148
-0.917113 -0.398265 -0.0169922 0.100201
-0.393116 0.910676 -0.127003 1.04145
0 0 0 1
0.0776976 -0.104686 -0.991466 0.0322486
-0.88768 -0.459981 -0.0209961 0.133235
-0.453858 0.881736 -0.128667 1.0498
0 0 0 1
0.0660526 -0.113627 -0.991325 0.0296091
-0.86546 -0.500978 -0.00024313 0.163546
-0.496605 0.857968 -0.131431 1.06845
0 0 0 1
0.083817 -0.10428 -0.99101 0.033218
-0.84968 -0.527043 -0.0164049 0.178358
-0.520594 0.843417 -0.13278 1.08779
0 0 0 1
0.108704 -0.0927585 -0.989737 0.0204964
-0.82263 -0.56736 -0.0371774 0.21094
-0.558089 0.818229 -0.13798 1.09182
0 0 0 1
0.104543 -0.0938093 -0.990086 0.00920764
-0.807236 -0.589497 -0.0293816 0.233053
-0.580897 0.802305 -0.137354 1.0837
0 0 0 1
0.112054 -0.0957218 -0.989081 -0.0125266
-0.771304 -0.635942 -0.0258364 0.255821
-0.626525 0.765778 -0.14509 1.07712
0 0 0 1
0.116857 -0.0975283 -0.988348 -0.0201179
-0.757864 -0.651923 -0.0252756 0.273118
-0.641862 0.751987 -0.150095 1.07374
0 0 0 1
0.114371 -0.100872 -0.988304 -0.0199675
-0.74518 -0.666616 -0.0181972 0.298498
-0.656983 0.738545 -0.151409 1.07736
0 0 0 1
0.111534 -0.0956402 -0.989148 -0.0128691
-0.739975 -0.672382 -0.0184255 0.332311
-0.663323 0.734 -0.145765 1.08173
0 0 0 1
0.120022 -0.0946198 -0.988252 -0.0099646
-0.739192 -0.673018 -0.0253358 0.369855
-0.662714 0.733548 -0.150719 1.08294
0 0 0 1
0.113116 -0.0841503 -0.990012 -0.00449818
-0.735784 -0.676695 -0.0265503 0.392147
-0.667702 0.731438 -0.138462 1.08774
0 0 0 1
0.121181 -0.0875386 -0.988763 0.00583589
-0.720657 -0.692766 -0.0269896 0.412726
-0.682619 0.715829 -0.147036 1.09629
0 0 0 1
0.0926527 -0.0670941 -0.993435 0.0127117
-0.71453 -0.699336 -0.0194093 0.415468
-0.693442 0.711638 -0.112736 1.10658
0 0 0 1
0.0948765 -0.0744157 -0.992704 0.0249119
-0.697003 -0.716953 -0.0128706 0.420661
-0.710764 0.693139 -0.11989 1.10651
0 0 0 1
0.113335 -0.0830324 -0.990081 0.0188282
-0.679582 -0.733419 -0.0162847 0.429973
-0.724792 0.674687 -0.13955 1.10787
0 0 0 1
0.112808 -0.078653 -0.990499 0.0176568
-0.665008 -0.746655 -0.0164475 0.44096
-0.738268 0.660545 -0.136533 1.09554
0 0 0 1
0.110096 -0.0804814 -0.990657 0.0218591
-0.647472 -0.762023 -0.0100493 0.45891
-0.754095 0.642529 -0.136005 1.0842
0 0 0 1
0.107376 -0.085505 -0.990535 0.0172106
-0.631156 -0.775654 -0.00146252 0.469315
-0.768188 0.625339 -0.137254 1.10597
0 0 0 1
0.0898853 -0.0724269 -0.993315 0.0143547
-0.64804 -0.7616 -0.00310974 0.446971
-0.756284 0.643987 -0.115392 1.11172
0 0 0 1
0.0962277 -0.0741266 -0.992595 0.0140118
-0.676243 -0.736603 -0.0105497 0.441608
-0.730366 0.672251 -0.121009 1.11119
0 0 0 1
0.0636709 -0.0811626 -0.994665 0.0458068
-0.766052 -0.64277 0.00341191 0.376605
-0.639618 0.761748 -0.1031 1.10918
0 0 0 1
0.0630657 -0.0864558 -0.994258 0.0440584
-0.778956 -0.627058 0.00511679 0.349005
-0.623899 0.77416 -0.106891 1.10053
0 0 0 1
0.0584227 -0.0788255 -0.995175 0.0317998
-0.783146 -0.62183 0.00327833 0.305664
-0.619088 0.779176 -0.0980608 1.08244
0 0 0 1
0.0117736 -0.168244 -0.985675 0.0948524
-0.995474 0.0909938 -0.0274222 -0.0648486
0.0943039 0.981537 -0.166411 1.17777
0 0 0 1
0.0230686 -0.21091 -0.977233 0.198172
-0.99583 0.0814552 -0.0410876 -0.0886106
0.0882666 0.974106 -0.208152 1.18333
0 0 0 1
0.0167159 -0.265521 -0.96396 0.270944
-0.995753 0.0828791 -0.0400961 -0.0712977
0.0905385 0.960536 -0.263008 1.17448
0 0 0 1
-0.00223981 -0.353624 -0.935385 0.312642
-0.99514 0.0928695 -0.0327266 -0.0545048
0.0984416 0.930766 -0.352114 1.16746
0 0 0 1
-0.0171902 -0.396522 -0.917864 0.387172
-0.993943 0.106437 -0.0273663 -0.0436518
0.108546 0.911834 -0.39595 1.18888
0 0 0 1
-0.0209926 -0.430494 -0.902349 0.435093
-0.992647 0.116589 -0.0325291 -0.0340417
0.119208 0.895032 -0.429777 1.21449
0 0 0 1
-0.0266402 -0.444822 -0.895223 0.453302
-0.991789 0.123817 -0.0320086 -0.0252285
0.125082 0.887019 -0.444468 1.23211
0 0 0 1
-0.0251891 -0.457851 -0.888672 0.486182
-0.991052 0.127996 -0.0378536 -0.0151489
0.131078 0.879767 -0.456978 1.27154
0 0 0 1
-0.0149692 -0.436912 -0.89938 0.552206
-0.978844 0.18997 -0.0759942 -0.0684569
0.204058 0.879215 -0.430513 1.28498
0 0 0 1
0.0121233 -0.410873 -0.911612 0.502944
-0.957484 0.258024 -0.129027 -0.190083
0.288231 0.874418 -0.390277 1.27251
0 0 0 1
-0.0184328 -0.293027 -0.955927 0.393159
-0.943818 0.320617 -0.0800816 -0.218167
0.329952 0.900744 -0.282474 1.22828
0 0 0 1
-0.0259705 -0.284248 -0.958399 0.369458
-0.943966 0.322516 -0.0700744 -0.22865
0.329018 0.902877 -0.276696 1.22276
0 0 0 1
-0.0592918 -0.232366 -0.970819 0.190912
-0.955528 0.294649 -0.0121666 -0.240739
0.288878 0.926924 -0.239503 1.18284
0 0 0 1
-0.050518 -0.167564 -0.984566 0.0829986
-0.967188 0.253981 0.00640117 -0.217773
0.248989 0.952584 -0.174896 1.14615
0 0 0 1
-0.0485409 -0.0732335 -0.996133 -0.0670992
-0.976571 0.212812 0.0319422 -0.162749
0.209649 0.974345 -0.0818477 1.11727
0 0 0 1
-0.047732 -0.056147 -0.997281 -0.0860818
-0.976331 0.213478 0.0347105 -0.149507
0.210948 0.975333 -0.0650077 1.11639
0 0 0 1
-0.0300661 -0.0303855 -0.999086 -0.188878
-0.976882 0.212544 0.0229337 -0.113551
0.211653 0.976679 -0.0360735 1.09174
0 0 0 1
-0.0243548 0.00382022 -0.999696 -0.296501
-0.975697 0.217738 0.0246022 -0.0978828
0.217766 0.976 -0.00157559 1.08875
0 0 0 1
-0.00889963 0.0367629 -0.999284 -0.422188
-0.976528 0.214749 0.0165974 -0.0863783
0.215206 0.975977 0.0339888 1.06683
0 0 0 1
-0.0100064 0.0428921 -0.99903 -0.445111
-0.979336 0.201396 0.0184559 -0.0894368
0.201992 0.97857 0.0399906 1.04821
0 0 0 1
-0.0146619 0.0692044 -0.997495 -0.444355
-0.993288 0.113464 0.022472 -0.0438497
0.114735 0.991129 0.0670763 1.01367
0 0 0 1
0.0098924 0.0765622 -0.997016 -0.394257
-0.999613 0.0266889 -0.0078687 0.00220416
0.0260068 0.996708 0.0767965 1.01494
0 0 0 1
0.0147352 0.0812592 -0.996584 -0.373614
-0.999891 -3.89508e-05 -0.0147873 0.0127301
-0.00124042 0.996693 0.0812497 1.01425
0 0 0 1
0.0392007 0.0821405 -0.99585 -0.35733
-0.99002 -0.13182 -0.0498441 0.0273245
-0.135367 0.987865 0.0761533 1.03413
0 0 0 1
0.0405906 0.0808839 -0.995897 -0.359468
-0.98451 -0.166906 -0.0536821 0.0260487
-0.170563 0.98265 0.0728563 1.02651
0 0 0 1
0.0459109 0.0805341 -0.995694 -0.357233
-0.956338 -0.284455 -0.0671037 0.0662144
-0.288635 0.955301 0.0639582 0.997827
0 0 0 1
0.0454781 0.0827672 -0.995531 -0.32552
-0.921663 -0.380912 -0.0737723 0.117397
-0.385316 0.920899 0.0589603 1.01646
0 0 0 1
0.0597365 0.0936938 -0.993807 -0.294335
-0.872497 -0.478777 -0.0975826 0.147886
-0.484955 0.872923 0.0531471 1.04283
0 0 0 1
0.0655572 0.101406 -0.992683 -0.295451
-0.858635 -0.501103 -0.107894 0.164328
-0.508378 0.859426 0.0542202 1.05148
0 0 0 1
0.0962815 0.107776 -0.989502 -0.444289
-0.864655 -0.483385 -0.136784 0.232602
-0.493053 0.868748 0.0466479 0.998108
0 0 0 1
0.0902888 0.108352 -0.990004 -0.457098
-0.869056 -0.476928 -0.131456 0.225904
-0.486405 0.872238 0.051103 0.992305
0 0 0 1
0.0784608 0.0953843 -0.992344 -0.464091
-0.904251 -0.412289 -0.111125 0.148311
-0.419732 0.906046 0.0539028 0.956907
0 0 0 1
0.0408435 0.070256 -0.996692 -0.464275
-0.978254 -0.200206 -0.0542002 0.07952
-0.203351 0.977232 0.0605511 0.888668
0 0 0 1
0.0345751 0.0649875 -0.997287 -0.44498
-0.98927 -0.139509 -0.0433881 0.0471343
-0.14195 0.988086 0.0594667 0.883683
0 0 0 1
0.0529506 0.0101518 -0.998546 -0.308483
-0.998209 0.0284239 -0.0526438 -0.023032
0.0278481 0.999544 0.0116387 0.969854
0 0 0 1
0.0439332 -0.044401 -0.998047 -0.220593
-0.998844 0.0175356 -0.0447484 -0.04429
0.0194883 0.99886 -0.0435793 1.02744
0 0 0 1
0.0431925 -0.0590793 -0.997318 -0.198601
-0.998883 0.0166083 -0.0442441 -0.0430129
0.0191777 0.998115 -0.0582959 1.03589
0 0 0 1
0.0384086 -0.0730534 -0.996588 -0.190389
-0.999063 0.0170828 -0.0397562 -0.0368401
0.0199288 0.997182 -0.0723288 1.04341
0 0 0 1
