%YAML:1.0
camera_positions:
 - {x: 2, y:0, z: -2}
 - {x: 1.61803, y:1.17557, z: -2}
 - {x: 0.618034, y:1.90211, z: -2}
 - {x: -0.618034, y:1.90211, z: -2}
 - {x: -1.61803, y:1.17557, z: -2}
 - {x: -2, y:-1.74846e-07, z: -2}
 - {x: -1.61803, y:-1.17557, z: -2}
 - {x: -0.618034, y:-1.90211, z: -2}
 - {x: 0.618033, y:-1.90211, z: -2}
 - {x: 1.61803, y:-1.17557, z: -2}
 - {x: 2, y:-1.55766e-06, z: -2}
 - {x: 2, y:0, z: 0}
 - {x: 1.61803, y:1.17557, z: 0}
 - {x: 0.618034, y:1.90211, z: 0}
 - {x: -0.618034, y:1.90211, z: 0}
 - {x: -1.61803, y:1.17557, z: 0}
 - {x: -2, y:-1.74846e-07, z: 0}
 - {x: -1.61803, y:-1.17557, z: 0}
 - {x: -0.618034, y:-1.90211, z: 0}
 - {x: 0.618033, y:-1.90211, z: 0}
 - {x: 1.61803, y:-1.17557, z: 0}
 - {x: 2, y:-1.55766e-06, z: 0}
 - {x: 2, y:0, z: 2}
 - {x: 1.61803, y:1.17557, z: 2}
 - {x: 0.618034, y:1.90211, z: 2}
 - {x: -0.618034, y:1.90211, z: 2}
 - {x: -1.61803, y:1.17557, z: 2}
 - {x: -2, y:-1.74846e-07, z: 2}
 - {x: -1.61803, y:-1.17557, z: 2}
 - {x: -0.618034, y:-1.90211, z: 2}
 - {x: 0.618033, y:-1.90211, z: 2}
 - {x: 1.61803, y:-1.17557, z: 2}
 - {x: 2, y:-1.55766e-06, z: 2}